EYE-1 (^)
(0,0)- [0, 0, 1, 3, 3, 6, 6, 6]
(0,1)- [0, 0, 16, 24, 24, 12, 12, 12]
(1,0)- [6, 12, 12, 12, 24, 24, 16, 16]
(1,1)- [12, 6, 6, 6, 3, 3, 1, 1]


Eye-2 (0)
(0,0)- [0, 0, 1, 2, 4, 4, 12, 8]
(0,1)- [0, 0, 16, 8, 4, 4, 6, 2]
(1,0)- [8, 12, 4, 4, 2, 1, 0, 0]
(1,1)- [2, 6, 4, 4, 8, 16, 0, 0]


Eye-3 (--)
(0,0)- [0, 0, 0, 0, 0, 0, 7, 31]
(0,1)- [0, 0, 0, 0, 0, 0, 28, 31]
(1,0)- [31, 7, 0, 0, 0, 0, 0, 0]
(1,1)- [31, 28, 0, 0, 0, 0, 0, 0]

Eye-transition-1-2 (o)
(0,0)- [0, 0, 0, 0, 3, 4, 12, 8]
(0,1)- [0, 0, 0, 0, 24, 4, 6, 2]
(1,0)- [8, 8, 6, 3, 0, 0, 0, 0]
(1,1)- [2, 2, 12, 24, 0, 0, 0, 0]

Eye-transition-1-3 (_-_)

(0,0)- [0, 0, 0, 0, 1, 1, 3, 2]
(0,1)- [0, 0, 0, 0, 16, 16, 24, 8]
(1,0)- [4, 4, 12, 8, 16, 0, 0, 0]
(1,1)- [4, 4, 6, 2, 1, 0, 0, 0]

Eye-transition-2-3 

same as 1-2




MOUTH
Bleh -
(0,0)- [8, 16, 15, 0, 0, 0, 0, 0]
(0,1)- [0, 0, 7, 24, 24, 8, 8, 4]
(0,2)- [0, 0, 28, 3, 3, 2, 2, 4]
(0,3)- [2, 1, 30, 0, 0, 0, 0, 0]
(1,0)- [0, 0, 0, 0, 0, 0, 0, 0]
(1,1)- [4, 4, 4, 2, 2, 1, 0, 0]
(1,2)- [4, 4, 4, 8, 8, 16, 0, 0]
(1,3)- [0, 0, 0, 0, 0, 0, 0, 0]

neutral -
(0,0)- [0, 0, 0, 0, 4, 8, 23, 0]
(0,1)- [0, 0, 0, 0, 0, 0, 31, 0]
(0,2)- [0, 0, 0, 0, 0, 0, 30, 0]
(0,3)- [0, 0, 0, 0, 4, 2, 13, 0]
(1,0)- [0, 0, 0, 0, 0, 0, 0, 0]
(1,1)- [0, 0, 0, 0, 0, 0, 0, 0]
(1,2)- [0, 0, 0, 0, 0, 0, 0, 0]
(1,3)- [0, 0, 0, 0, 0, 0, 0, 0]

smile-
(0,0)- [0, 0, 0, 0, 16, 8, 0, 6]
(0,1)- [0, 0, 0, 0, 0, 0, 0, 0]
(0,2)- [0, 0, 0, 0, 0, 0, 0, 0]
(0,3)- [0, 0, 0, 0, 1, 2, 0, 12]
(1,0)- [0, 1, 0, 0, 0, 0, 0, 0]
(1,1)- [0, 16, 15, 0, 0, 0, 0, 0]
(1,2)- [0, 3, 28, 0, 0, 0, 0, 0]
(1,3)- [8, 16, 0, 0, 0, 0, 0, 0]

Cliff -
(0,0)- [0, 0, 0, 1, 2, 2, 2, 4]
(0,1)- [0, 7, 24, 0, 0, 0, 0, 0]
(0,2)- [0, 28, 3, 0, 0, 0, 0, 0]
(0,3)- [0, 0, 0, 16, 16, 8, 8, 8]
(1,0)- [4, 4, 2, 2, 2, 1, 0, 0]
(1,1)- [0, 0, 0, 0, 0, 0, 24, 7]
(1,2)- [0, 0, 0, 0, 0, 1, 2, 28]
(1,3)- [4, 4, 8, 8, 8, 16, 0, 0]

chatter-closed -
(0,0)- [0, 0, 0, 0, 0, 14, 31, 14]
(0,1)- [0, 0, 0, 0, 0, 0, 23, 8]
(0,2)- [0, 0, 0, 0, 0, 0, 15, 0]
(0,3)- [0, 0, 0, 0, 0, 14, 31, 14]
(1,0)- [0, 0, 0, 0, 0, 0, 0, 0]
(1,1)- [0, 0, 0, 0, 0, 0, 0, 0]
(1,2)- [0, 0, 0, 0, 0, 0, 0, 0]
(1,3)- [0, 0, 0, 0, 0, 0, 0, 0]

chatter-open -
(0,0)- [0, 0, 0, 0, 0, 1, 6, 8]
(0,1)- [0, 0, 0, 0, 0, 31, 0, 0]
(0,2)- [0, 0, 0, 0, 0, 31, 0, 0]
(0,3)- [0, 0, 0, 0, 0, 16, 12, 2]
(1,0)- [8, 6, 1, 0, 0, 0, 0, 0]
(1,1)- [0, 0, 0, 31, 0, 0, 0, 0]
(1,2)- [0, 0, 0, 31, 0, 0, 0, 0]
(1,3)- [2, 12, 16, 0, 0, 0, 0, 0]

smirk(bt)-
(0,0)- [0, 0, 0, 0, 16, 12, 3, 0]
(0,1)- [0, 0, 0, 0, 0, 0, 31, 0]
(0,2)- [0, 0, 0, 0, 0, 0, 31, 0]
(0,3)- [0, 0, 0, 0, 0, 0, 16, 8]
(1,0)- [0, 0, 0, 0, 0, 0, 0, 0]
(1,1)- [0, 0, 0, 0, 0, 0, 0, 0]
(1,2)- [0, 0, 0, 0, 0, 0, 0, 0]
(1,3)- [0, 0, 0, 0, 0, 0, 0, 0]

neutral(bt)-
(0,0)- [0, 0, 0, 0, 0, 0, 27, 0]
(0,1)- [0, 0, 0, 0, 0, 0, 31, 0]
(0,2)- [0, 0, 0, 0, 0, 0, 31, 0]
(0,3)- [0, 0, 0, 0, 0, 0, 23, 8]
(1,0)- [0, 0, 0, 0, 0, 0, 0, 0]
(1,1)- [0, 0, 0, 0, 0, 0, 0, 0]
(1,2)- [0, 0, 0, 0, 0, 0, 0, 0]
(1,3)- [0, 0, 0, 0, 0, 0, 0, 0]

frown(bt)-
(0,0)- [0, 0, 0, 0, 0, 1, 31, 0]
(0,1)- [0, 0, 0, 0, 15, 16, 0, 0]
(0,2)- [0, 0, 0, 0, 24, 7, 1, 0]
(0,3)- [0, 0, 0, 0, 0, 0, 31, 0]
(1,0)- [0, 0, 0, 0, 0, 0, 0, 0]
(1,1)- [0, 0, 0, 0, 0, 0, 0, 0]
(1,2)- [0, 0, 0, 0, 0, 0, 0, 0]
(1,3)- [0, 0, 0, 0, 0, 0, 0, 0]
